Found the following matches:
	163447
	172054
	382009
	516803
	575316
	628892
	635272
	641024
	650963
	674801
	716880
	744182
	943489
	946703
	947886
	949092
	949372
	982618
	1000355
	1124686
	1142062
	1216058
	1369462
	1373305
	1423874
	1475532
	1837884
	1860965
	1871900
	1998253
	2030080
	2085281
	2178606
	2190660
	2390955
	2577090
	2643897
	2884155
	3009983
	3093904
	3126181
	3136846
	3214833
	3241247
	3373830
	3396230
	3477066
	3492876
	3582736
	3888922
	3912319
	3924566
	4007954
	4008084
	4069350
	4186552
	4257768
	4342622
	4367931
	4385745
	4518461
	4600253
	4705374
	4794495
	4837896
	4852930
	4937820
	5029401
	5347308
	5380144
	5380306
	5382112
	5382490
	5386759
	5387146
	5393883
	5397173
	5417484
	5459240
	5463345
	5497736
	5497759
	5506122
	5513430
	5515983
	5523001
	5524106
	5538882
	5554857
	5560616
	5569757
	5575920
	5590760
	5626545
	5757208
	5846747
	5861278
	5868903
	5873283
	6023831
	6024966
	6108675
	6261093
	6533194
	6570639
	6649090
	6680428
	6710279
	6713410
	6938233
	6965149
	6991045
	6993330
	6997854
	7028037
	7050529
	7079222
	7094917
	7241111
	7283987
	7403683
	7416932
	7602161
	7606243
	7617710
	7881955
	8042829
	8060908
	8203827
	8219119
	8230674
	8238839
	8243046
	8252280
	8259629
	8268182
	8291515
	8344916
	8378402
	8394255
	8403599
	8496389
	8538860
	8631350
	8651539
	8657786
	8975275
	9099771
	9144055
	9200610
	9513724
	9672178
	9716454
	9872961
	9952557
	10035898
	10205299
	10230659
	10280512
	10460764
	10520946
	10623536
	10749241
	10813286
	11161868
	11315578
	11356972
	11359389
	11509182
	11578170
	12347595
	12377154
	12412284
	12602656
	12703815
	12743102
	12795099
	12799809
	12810267
	12812220
	12835573
	12845147
	12877536
	12924864
	12943473
	12975672
	12994655
	13026309
	13029004
	13037293
	13133687
	13133744
	13152116
	13162518
	13201532
	13225218
	13234513
	13248458
	13258508
	13265662
	13275396
	13280210
	13305808
	13379652
	13407846
	13428725
	13436984
	13443462
	13447506
	13462404
	13473955
	13643270
	13647292
	13659220
	13691980
	13809902
	14045305
	14487464
	14528861
	14547505
	14719760
	14734566
	14904780
	14905932
	14961635
	14961909
	15029470
	15179021
	15264248
	15278327
	15282855
	15284681
	15299151
	15300035
	15343308
	15359922
	15363945
	15386215
	15396613
	15397479
	15400955
	15436647
	15492610
	15596361
	15743612
	15778721
	15862964
	15925043
	16046425
	16052532
	16060089
	16094378
	16144206
	16265586
	16276319
	16369965
	16413726
	16416140
	16437840
	16480783
	16706120
	16712004
	16791274
	16792467
	16848211
	16868580
	16907354
	16934770
	16935248
	17191955
	17273124
	17321941
	17331209
	17501842
	17504576
	17557383
	17704048
	17709990
	17728009
	17809395
	17846038
	17859938
	17878389
	17893554
	17901255
	17902477
	17904004
	17989069
	17991736
	17998630
	18013162
	18014202
	18084130
	18165969
	18169660
	18238023
	18366205
	18375558
	18386382
	18536340
	18577833
	18872144
	18883983
	19002961
	19005001
	19050894
	19051372
	19052165
	19054737
	19119693
	19141711
	19164843
	19245304
	19332676
	19397687
	19527471
	19614723
	19658965
	19687064
	19698729
	19736793
	19795774
	19796388
	19798718
	19804688
	19995530
	20238704
	20338733
	20548795
	20573357
	20609168
	20809388
	20967133
	20972682
	20979703
	20982586
	20985640
	21009998
	21022652
	21115060
	21128900
	21190505
	21242894
	21274804
	21352888
	21487705
	21652638
	21658814
	21665620
	21718212
	21722173
	21723398
	21726568
	21834505
	21842900
	21922337
	21938479
	21939116
	21941191
	22175305
	22226077
	22233670
	22256852
	22260033
	22302432
	22336242
	22337526
	22341425
	22363369
	22368653
	22374626
	22374790
	22395443
	22409202
	22413880
	22446078
	22446163
	22517584
	22530055
	22550715
	22554291
	22566361
	22614123
	22636576
	22640713
	22640771
	22641415
	22648392
	22665524
	22683453
	22683828
	22686945
	22694395
	22713090
	22732824
	22790072
	22834276
	22880853
	22882542
	22883833
	22889411
	22918482
	22967667
	23007659
	23037589
	23046011
	23047902
	23052886
	23059179
	23083547
	23199358
	23348264
	23405275
	23463140
	23515973
	23531234
	23533476
	23911860
	23936605
	23982370
	24073098
	24385485
	24494373
	24692490
	24697296
	24697521
	24708363
	24804544
	24810061
	24874880
	24999377
	25295711
	25374637
	25391069
	25412990
	25458665
	25461393
	25672814
	25939230
	26036245
	26336727
	26338198
	26356069
	26360314
	26363745
	26364403
	26365449
	26429030
	26440042
	26457678
	26459879
	26490534
	26491577
	26517876
	26518991
	26522074
	26522808
	26525787
	26642480
	26695116
	26728468
	26781572
	26784769
	26792450
	26794447
	26798794
	26806429
	26891886
	26962495
	26980806
	26980866
	26985151
	26985695
	26991214
	27105021
	27132506
	27328024
	27376017
	27387253
	27457153
	27466230
	27470354
	27530981
	27746164
	27817672
	27828974
	27830864
	27847002
	27903418
	28084316
	28095296
	28217037
	28380060
	28387144
	28387801
	28395230
	28412408
	28439045
	28459463
	28464679
	28501333
	28501828
	28502675
	28513443
	28556498
	28564379
	28567317
	28584912
	28795000
	28819569
	29072447
	29118475
	29150037
	29302845
	29330706
	29547934
	29560685
	29713257
	29717170
	29725197
	29790339
	29809974
	29840164
	29849118
	30128868
	30296181
	30312455
	30319612
	30395844
	30466118
	30511576
	30519264
	30519357
	30527743
	30536675
	30536905
	30542808
	30725474
	30889549
	31102380
	31131888
	31146157
	31166397
	31220413
	31221403
	31221426
	31223050
	31235095
	31271648
	31289509
	31292175
	31309011
	31315270
	31360299
	31365524
	31382316
	31382347
	31386883
	31390914
	31397616
	31435322
	31455704
	31459104
	31468481
	31499984
	31516021
	31536945
	31537632
	31539008
	31540057
	31541544
	31546893
	31565673
	31605749
	31613990
	31654677
	31854187
	31865260
	31922992
	31924175
	31933737
	32007521
	32014933
	32021974
	32025943
	32028948
	32033496
	32049628
	32066200
	32076865
	32163629
	32226735
	32304934
	32322383
	32443299
	32458608
	32463111
	32465540
	32494987
	32506129
	32551684
	32578009
	32580312
	32667604
	32670557
	32679139
	32708716
	32721754
	32903740
	33139531
	33206175
	33423363
	33431254
	33431941
	33526172
	33633105
	33831313
	33847923
	33866813
	33868469
	33985408
	34002702
	34012384
	34035323
	34184910
	34248234
	34413629
	34489902
	34517822
	34666930
	34700543
	34709868
	34774935
	34784253
	34794803
	34795936
	34795966
	34817302
	34837995
	34847589
	34882668
	34971438
	34979399
	34991641
	35016994
	35030433
	35040125
	35048736
	35050139
	35063277
	35063804
	35080549
	35086719
	35097263
	35103494
	35141630
	35156877
	35194923
	35197519
	35199215
	35205627
	35212202
	35214811
	35293770
	35308104
	35309173
	35327097
	35332404
	35358056
	35360971
	35439067
	35450824
	35478116
	35507655
	35689442
	35735076
	35762991
	35782024
	35821768
	36020686
	36041253
	36053558
	36082622
	36219658
	36270873
	36405624
	36416894
	36418609
	36418986
	36419937
	36422065
	36435842
	36566180
	36570021
	36571162
	36572483
	36572789
	36578665
	36622485
	36634241
	36634667
	36724130
	36728634
	36730105
	36731093
	36736414
	36754216
	36824343
	36825606
	36827613
	36834822
	36842219
	36864146
	36870997
	37009792
	37020624
	37024120
	37025142
	37042870
	37043658
	37075241
	37310913
	37349032
	37350260
	37403943
	37632019
	37688283
	37798695
	37829653
	37849019
	38157167
	38157187
	38223730
	38228908
	38233487
	38255632
	38291556
	38304175
	38328599
	38338260
	38338299
	38339055
	38344999
	38345588
	38348422
	38357540
	38661241
	38891809
	39098463
	39161269
	39265946
	39280795
	39440924
	39473615
	39560088
	39586921
	39744521
	39938309
	39969820
	39970674
	40012599
	40130914
	40187873
	40673826
	40813559
	40986628
	41005529
	41023360
	41032300
	41095577
	41142940
	41233838
	41399709
	41408031
	41507903
	41540057
	41552397
	41594944
	41596395
	41685811
	41763171
	42063676
	42087719
	42729750
	42755593
	42914657
	42930359
	42945283
	42945664
	42946428
	42951646
	42956632
	42965128
	42984049
	43196416
	43210151
	43336704
	43561048
	43607069
	43685855
	43687994
	43729864
	43751833
	44093710
	44209104
	44463605
	44496373
	44624220
	44636116
	44739114
	44780293
	44988482
	45098335
	45362881
	45518937
	45600986
	45625629
	45632379
	45715099
	45738119
	45948318
	46046586
	46255873
	46268440
	46270582
	46277413
	46290326
	46294726
	46354400
	46389694
	46392748
	46402060
	46446368
	46474273
	46480478
	46485188
	46514583
	46531080
	46531587
	46532683
	46533484
	46534540
	46536809
	46539871
	46563186
	46577259
	46591314
	46591543
	46592426
	46594822
	46623255
	46624016
	46640830
	46641120
	46660795
	46684466
	46766200
	46766303
	46780131
	46803734
	46804991
	46812360
	47049935
	47150055
	47209122
	47247855
	47272778
	47273264
	47277384
	47277402
	47291080
	47297791
	47299085
	47300181
	47305662
	47307073
	47309104
	47313136
	47317286
	47341794
	47382416
	47389678
	47393868
	47399328
	47424424
	47430547
	47481341
	47493026
	47507559
	47536173
	47541712
	47582385
	47652809
	47771993
	47775451
	47785307
	48001853
	48079431
	48104504
	48193156
	48228659
	48231643
	48242034
	48246214
	48299451
	48312805
	48332121
	48345628
	48381489
	48403334
	48416253
	48417577
	48438484
	48579135
	48717875
	48776078
	48783760
	48836483
	48860752
	48860810
	48905130
	49149071
	49378285
	49402784
	49548428
	49556276
	49556777
	49571662
	49571679
	49575875
	49589377
	49646189
	49984635
	50023155
	50039744
	50048277
	50098434
	50104166
	50104423
	50128182
	50145811
	50214420
	50239875
	50530466
	50598855
	50800040
	50802630
	50960589
	51387751
	51388470
	51605606
	51617023
	51620894
	51620924
	51880181
	51895108
	52036982
	52040379
	52064282
	52073726
	52244849
	52290055
	52293213
	52343475
	52489844
	52655987
	52747002
	52800045
	53032923
	53165651
	53166665
	53174661
	53174837
	53207577
	53450143
	53786819
	53893739
	53940212
	54026501
	54077871
	54087493
	54229531
	54472575
	54521515
	54523172
	54540486
	54546083
	54556660
	54570728
	54586360
	54772385
	54811639
	54811838
	54891915
	55094648
	55217568
	55267138
	55321599
	55330257
	55521878
	55540377
	56439215
	56440998
	56509456
	56524791
	56531404
	56555285
	56571743
	56680096
	56695808
	56737829
	56740077
	56754435
	56764143
	56765305
	56770996
	56891074
	56966598
	56969590
	57200735
	57205645
	57207024
	57207893
	57210130
	57212660
	57259789
	57265645
	57270315
	57286517
	57295898
	57300629
	57305256
	57320103
	57324557
	57329967
	57341209
	57354480
	57551678
	57560313
	57563191
	57570691
	57672729
	57679306
	57685479
	57689442
	57692814
	57696954
	57700168
	57701021
	57711960
	57713232
	57800417
	57863938
	57908828
	57910387
	57962785
	57985826
	58214476
	58230105
	58231965
	58247222
	58589858
	58608958
	58696867
	58726588
	58846723
	58874987
	58880977
	58882439
	58884768
	58903806
	59048203
	59051695
	59089640
	59095653
	59169438
	59261173
	59291862
	59296484
	59357104
	59552909
	59584553
	59593349
	59603882
	59618966
	59626085
	59900386
	59980480
	60035920
	60284042
	60452049
	60646967
	60759006
	61146772
	61168462
	61364133
	61372694
	61490801
	61509146
	61554326
	61557728
	61576636
	61686485
	61758695
	61888680
	61901803
	61905362
	61917702
	61951652
	62125402
	62433388
	62452466
	62635739
	62641596
	62823151
	62833439
	62998123
	63040352
	63059852
	63119909
	63125985
	63136653
	63253801
	63254105
	63282126
	63489193
	63531512
	63641277
	63913314
	63940476
	63969375
	63993730
	63993797
	64040379
	64042731
	64057164
	64065806
	64105646
	64107066
	64118235
	64125371
	64134651
	64137363
	64148766
	64150470
	64156542
	64156564
	64157008
	64157348
	64168667
	64184185
	64202750
	64269110
	64312625
	64441397
	64771620
	64788040
	64788156
	64803515
	64846412
	64861290
	64889173
	64891375
	64893460
	64895317
	64897984
	64904167
	64910874
	64918693
	64950315
	64960007
	64962670
	64965911
	64966926
	64967894
	64970578
	64975540
	64983966
	65008441
	65008871
	65008892
	65009985
	65016876
	65019053
	65096439
	65104276
	65146129
	65176311
	65180327
	65210637
	65211240
	65226896
	65262758
	65303836
	65329619
	65332115
	65370128
	65457260
	65479149
	65519142
	65527445
	65540180
	65542155
	65703447
	65704856
	65710269
	65726562
	65726597
	65754688
	65754852
	65757489
	65767277
	65785138
	65789297
	65807683
	65829489
	65921229
	65934789
	65940702
	65944494
	65949202
	65982368
	66012300
	66060586
	66118516
	66169436
	66179144
	66194057
	66228795
	66229742
	66231025
	66237102
	66238666
	66254632
	66272940
	66297145
	66331128
	66481000
	66503032
	66511928
	66523108
	66526247
	66538481
	66542279
	66544432
	66549033
	66557529
	66557890
	66572600
	66573123
	66581842
	66585496
	66595253
	66599953
	66604551
	66615287
	66617763
	66659064
	66679410
	66692326
	66708651
	66709658
	66773117
	66787142
	66878952
	66880885
	66884725
	66908626
	66915047
	66915068
	66928421
	66929927
	66932809
	66952532
	66970058
	66972031
	66973948
	66977466
	66983449
	66984885
	66988021
	66988763
	67000270
	67000876
	67004527
	67007962
	67048255
	67098219
	67106986
	67130989
	67137112
	67138080
	67148631
	67155648
	67161030
	67166210
	67168581
	67190010
	67260314
	67272281
	67275952
	67276331
	67282041
	67282355
	67290637
	67338166
	67341985
	67350097
	67373642
	67391636
	67429166
	67439602
	67443732
	67446632
	67475137
	67481797
	67487892
	67493297
	67507073
	67542091
	67636021
	67640239
	67667595
	67669562
	67671535
	67692265
	67714439
	67727665
	67729637
	67741942
	67771893
	67873485
	67956603
	68116533
	68126752
	68193633
	68204791
	68227417
	68235151
	68236662
	68243969
	68282051
	68315999
	68321124
	68321139
	68329154
	68334823
	68362082
	68565743
	68600784
	68603721
	68745261
	68754439
	68766095
	68769795
	68809103
	68857057
	68868218
	68894090
	68909088
	68914900
	68919900
	68927163
	68936019
	68944542
	68953197
	69016809
	69017654
	69101758
	69104079
	69112138
	69112294
	69112838
	69114486
	69116479
	69124344
	69124917
	69138753
	69143567
	69146170
	69149058
	69149581
	69263240
	69267147
	69275331
	69283508
	69317193
	69330922
	69397274
	69458921
	69495849
	69512723
	69514530
	69537677
	69548755
	69558415
	69802789
	69915402
	69924751
	69991403
	70002027
	70018366
	70022171
	70022826
	70024034
	70030229
	70044386
	70050840
	70067032
	70086244
	70131700
	70149292
	70174212
	70321711
	70384166
	70384268
	70470409
	70470604
	70578329
	70693176
	70754518
	70770894
	71014440
	71153354
	71285824
	71451439
	71486330
	71679845
	71699936
	71710747
	71712804
	71716191
	71721858
	71722385
	71817724
	71870333
	71979510
	71995404
	72003369
	72004706
	72005208
	72005518
	72026475
	72031015
	72060287
	72073665
	72073776
	72117054
	72132081
	72356872
	72532394
	72539594
	72652350
	72658192
	72687173
	72718457
	72720233
	72734985
	72807786
	72843508
	72866244
	73018937
	73021450
	73021487
	73022365
	73053477
	73058220
	73062436
	73068970
	73080026
	73152478
	73156059
	73156467
	73161007
	73161482
	73171406
	73182144
	73242839
	73251055
	73274114
	73280574
	73353023
	73364965
	73452361
	73551892
	73556060
	73612338
	73622982
	73674149
	73713386
	73719446
	73726086
	73732039
	73985158
	74418085
	74467606
	74474733
	74821413
	74928514
	75065016
	75153466
	75174906
	75408353
	75980568
	76008110
	76169761
	76171874
	76192793
	76292770
	76307916
	76316059
	76317772
	76329489
	76330381
	76332048
	76384799
	76400019
	76545623
	76697961
	76898409
	76966076
	77040363
	77047556
	77087873
	77111098
	77179755
	77291738
	77450914
	77490832
	77491767
	77526717
	77538331
	77861014
	77987745
	78179471
	78258159
	78347859
	78367245
	78395572
	78515713
	78655858
	78672255
	78676789
	78685746
	78831337
	78854992
	78856938
	78857673
	78876299
	78889363
	78920551
	78938173
	78942430
	78957030
	78973084
	78981055
	78999627
	79118537
	79486789
	79648748
	79670378
	79730049
	79731994
	79744132
	79761410
	79808418
	79887218
	79907123
	80035408
	80037897
	80055045
	80073707
	80082737
	80122360
	80218445
	80220529
	80229018
	80289882
	80297046
	80298694
	80300504
	80310827
	80310848
	80413517
	80423267
	80485195
	80540121
	80552518
	80559686
	80564188
	80609590
	80723242
	80732424
	80739511
	80742389
	80746215
	80756220
	80756376
	80762654
	80863585
	80918385
	80974881
	81249979
	81276862
	81324296
	81324858
	81326849
	81328858
	81383252
	81417219
	81424611
	81425099
	81453399
	81462695
	81486199
	81488945
	81491023
	81495028
	81511986
	81516209
	81516811
	81556592
	81577231
	81591776
	81609668
	81628643
	81858454
	82066947
	82075623
	82085274
	82092846
	82140056
	82161503
	82161769
	82197227
	82224067
	82287065
	82305459
	82307260
	82336241
	82345388
	82349102
	82349206
	82353327
	82363573
	82368184
	82371421
	82439001
	82440178
	82453218
	82456446
	82471989
	82477912
	82489998
	82500113
	82502472
	82506946
	82550963
	82556380
	82576930
	82589613
	82628822
	82632370
	82637542
	82639914
	82652468
	82654603
	82668117
	82723552
	82731194
	82734188
	82748412
	82749817
	82796300
	82796302
	82835224
	82846360
	82848360
	82865330
	82865743
	82882917
	82893037
	83019360
	83060369
	83067329
	83127071
	83132813
	83188724
	83238724
	83242730
	83348934
	83409653
	83414530
	83415730
	83416690
	83450246
	83520671
	83532898
	83584664
	83664885
	83843406
	83894420
	83946477
	83978302
	84031952
	84037328
	84047439
	84079496
	84085102
	84117889
	84124715
	84124935
	84127094
	84134889
	84180880
	84198119
	84270315
	84274958
	84301808
	84336170
	84360299
	84369142
	84412597
	84613155
	84614275
	84642170
	84683656
	84704053
	84708981
	84745219
	84770099
	84770811
	84773295
	84794820
	84801914
	84818598
	84846706
	85083690
	85106581
	85107601
	85114885
	85119342
	85174881
	85178342
	85240333
	85244319
	85284458
	85329597
	85330475
	85331224
	85334359
	85367251
	85386341
	85402184
	85508470
	85515203
	85584870
	85588679
	85589300
	85621133
	85646232
	85654016
	85656038
	85704525
	85708371
	85715051
	85746509
	85865533
	85875537
	85952274
	85974606
	86031280
	86044562
	86049567
	86154893
	86346222
	86510439
	86520985
	86605826
	86817607
	86833716
	86937283
	86996698
	87073792
	87213803
	87327870
	87474768
	87500651
	87505584
	87921645
	87929578
	88048063
	88469949
	88493140
	88546310
	88567875
	88574908
	88576697
	88583701
	88630504
	88632702
	88637796
	88655257
	88658730
	88664179
	88668706
	88684061
	88684297
	88711639
	88714343
	88745917
	89039199
	89051554
	89073253
	89177214
	89223064
	89397834
	89442139
	89466823
	89485283
	89508943
	89517721
	89537799
	89548174
	89549753
	89557667
	89570417
	89572058
	89580328
	89582420
	89653067
	89656437
	89661970
	89662097
	89666411
	89667771
	89669835
	89680390
	89681742
	89690598
	89705476
	89706615
	89799903
	90389649
	90422051
	90438390
	90438663
	90480845
	90528361
	90571050
	90578636
	90616547
	90629639
	90630103
	90637339
	90641016
	90648045
	90737629
	90837854
	90881745
	90899576
	91032147
	91129282
	91213727
	91249197
	91480977
	91546995
	91563512
	91670996
	91725982
	91803933
	91810423
	91918420
	91944975
	91954121
	92145721
	92211840
	92213169
	92215919
	92286682
	92431146
	92819929
	92880436
	92883284
	92887487
	92931077
	92936262
	92947182
	92958450
	92961653
	92966274
	92977365
	92977414
	92984512
	92985659
	92996308
	93011431
	93014560
	93019110
	93171476
	93215535
	93348162
	93415011
	93790376
	93897710
	93981788
	94033225
	94034167
	94064296
	94071326
	94193213
	94239494
	94263325
	94273571
	94278039
	94370702
	94371157
	94379076
	94384060
	94412490
	94428743
	94444733
	94446800
	94516542
	94527980
	94562318
	94671360
	94684256
	94744976
	95003424
	95031450
	95033923
	95075969
	95249356
	95329037
	95487961
	95590954
	95643079
	95682085
	95686422
	95763277
	95783954
	95814923
	95928397
	95961700
	95964516
	95965483
	95970250
	96045025
	96423559
	96673963
	96698886
	97177511
	97181232
	97192920
	97201330
	97245212
	97247475
	97312076
	97573788
	97574333
	97578837
	97668825
	97696011
	97775782
	97776720
	97783223
	97786959
	97790423
	97793604
	97826999
	97843274
	97844062
	97933390
	97948579
	97970586
	97992395
	98010204
	98057152
	98062147
	98074910
	98074912
	98075486
	98099522
	98108059
	98119063
	98160666
	98218134
	98272616
	98298084
	98314539
	98319267
	98332506
	98348551
	98373563
	98408076
	98557720
	98566871
	98567993
	98589937
	98596323
	98607013
	98624240
	98653612
	98653915
	98654218
	98654522
	98654825
	98960114
	98997844
	99023741
	99033777
	99048514
	99051133
	99070902
	99157686
	99178666
	99478920
	99564675
	99609826
	99619636
	99636867
	99643303
	99677830
	99682227
	99828603
	99905766
	100000250
	100235914
	100253820
	100254348
	100254386
	100260352
	100267033
	100433923
	100436640
	100492441
	100643831
	100762646
	100878157
	100887865
	100894042
	100930652
	101130648
	101131134
	101131346
	101134173
	101137061
	101138791
	101143302
	101147492
	101161098
	101178774
	101185500
	101212506
	101214232
	101216027
	101233472
	101235227
	101235627
	101236941
	101331948
	101340679
	101381518
	101407910
	101414467
	101495558
	101590206
	101652777
	102201479
	102211922
	102226374
	102227882
	102234559
	102236107
	102277382
	102527761
	102532680
	102541811
	102591902
	102597694
	102599315
	102605258
	102611264
	102633525
	102652793
	102654575
	102688330
	102690186
	102692331
	102709774
	102773825
	102824688
	102904445
	102928111
	102998112
	103013525
	103034167
	103041987
	103042176
	103042871
	103044187
	103063791
	103072198
	103072402
	103512663
	103555535
	103589119
	103617362
	103651705
	103662084
	103739304
	103861452
	103885230
	103902885
	103905659
	103928326
	103934145
	103937976
	103938202
	103955698
	103965244
	103973330
	104036620
	104041757
	104044724
	104046331
	104054580
	104063151
	104088153
	104091206
	104098387
	104099248
	104116261
	104121059
	104121810
	104133077
	104164190
	104172791
	104179272
	104258058
	104259845
	104284395
	104286790
	104287363
	104289860
	104291130
	104293508
	104302616
	104312883
	104356959
	104391193
	104392197
	104450035
	104482175
	104740211
	104754364
	104757983
	104910567
	104912253
	104914098
	104918487
	104952976
	105247152
	105254907
	105262339
	105277136
	105596018
	105598543
	105605109
	105648024
	105691652
	105804693
	105902066
	105943987
	105968757
	105994989
	106007037
	106010186
	106017214
	106037354
	106069437
	106076090
	106086850
	106087244
	106087837
	106120121
	106286398
	106288544
	106293498
	106293824
	106298264
	106556367
	106584790
	106584857
	106585964
	106594342
	106870941
	107003740
	107035648
	107181573
	107213901
	107505749
	107599309
	107868335
	107998615
	108135841
	108162769
	108213386
	108384059
	108432969
	108447205
	108448567
	108468877
	108670588
	109006909
	109087654
	109331394
	109554443
	109602145
	109625123
	109665150
	109692802
	109722137
	109724144
	109742379
	109754812
	109768102
	109808083
	109854006
	109854346
	109881662
	109888031
	109949620
	109985844
	110018218
	110018889
	110051319
	110607371
	110630070
	110992942
	111060432
	111159620
	111199851
	111376698
	111433773
	111466980
	111470449
	111475709
	111510340
	111646943
	111719197
	111727107
	111807078
	111821853
	111827090
	111833412
	111839194
	111943998
	111969057
	111972999
	111986269
	112008519
	112011251
	112011689
	112013497
	112024670
	112026340
	112042210
	112217736
	112220238
	112268942
	112288622
	112358810
	112544810
	112553699
	112677991
	112764483
	112776256
	112797240
	112806362
	112814162
	112820612
	112824370
	112863231
	112892904
	113107803
	113176191
	113272478
	113292780
	113295321
	113297308
	113473533
	113475153
	113492415
	113507405
	113715337
	113719151
	113762456
	113778766
	113896428
	113995120
	113997554
	114163060
	114163857
	114165596
	114263829
	114264364
	114295796
	114636486
	114641325
	114641327
	114641551
	114653793
	114661923
	114699438
	114715684
	114770992
	114774407
	114776931
	114792447
	114812248
	114812854
	114815820
	114822066
	114827167
	114838028
	114838820
	114840802
	114845654
	114849471
	114858652
	114860201
	114864285
	114865852
	114866906
	114881746
	114883508
	114926551
	114939316
	114939726
	114949768
	115187306
	115222431
	115225300
	115242963
	115405343
	115427400
	115500374
	115507457
	116005801
	116017000
	116041161
	116174993
	116255280
	116430084
	116478038
	116493113
	116516996
	116540260
	116814846
	116892288
	117004514
	117042006
	117057332
	117131703
	117138521
	117140843
	117171986
	117215320
	117235897
	117238340
	117241581
	117242065
	117244908
	117252669
	117261071
	117309244
	117401948
	117478239
	117491479
	117637706
	117768419
	117768889
	117773709
	117942706
	117944351
	117951630
	117956279
	117965761
	118101838
	118102648
	118154579
	118172720
	118244934
	118252935
	118258435
	118269938
	118279013
	118292705
	118752918
	118753872
	118795707
	118935660
	119117388
	119130365
	119200416
	119330578
	119391680
	119526561
	119540476
	119753738
	120037976
	120093648
	120118500
	120195170
	120250708
	120290943
	120318181
	120319835
	120325984
	120447902
	120601221
	120733756
	120777960
	120949333
	120994521
	121012755
	121077781
	121129817
	121189109
	121205043
	121210335
	121216764
	121220902
	121341126
	121539931
	121550579
	121656101
	121691511
	121697112
	121697503
	121723437
	121754137
	121773855
	121919666
	121971321
	122371196
	122371485
	122429366
	122503902
	122511234
	122523515
	122541544
	122602545
	122624072
	122800961
	122965648
	123173680
	123218985
	123361037
	123476956
	123537934
	123581049
	123612928
	123654565
	123698199
	123717403
	123723443
	123730757
	123731359
	123777818
	123793031
	123794162
	123794185
	123796463
	123804758
	123811678
	123827631
	123845821
	123917085
	123921556
	123924129
	123934353
	124007526
	124012908
	124016028
	124025460
	124106186
	124137126
	124166356
	124223111
	124299540
	124609479
	124759388
	124787445
	124794901
	124860593
	125128464
	125193055
	125194628
	125208186
	125209569
	125223525
	125246476
	125258701
	125260763
	125272903
	125275432
	125279211
	125318099
	125322795
	125349463
	125353660
	125369358
	125390953
	125397659
	125408519
	125416491
	125455540
	125555080
	125596780
	125676555
	125689679
	125738338
	125744075
	125746503
	125749376
	125802361
	125844486
	126049621
	126052201
	126068011
	126071077
	126071989
	126084101
	126226085
	126321011
	126444783
	126522495
	126527431
	126528308
	126528352
	126578822
	126604397
	126636466
	126640816
	126659478
	126676234
	126724489
	127444503
	127465965
	127497313
	127529605
	127541178
	127583971
	127618209
	127621923
	127631540
	127633042
	127657814
	127663373
	127716435
	127738604
	127744346
	127751551
	127759977
	127765988
	127767033
	127770453
	127772180
	127807249
	127827453
	127833231
	127837860
	127838111
	127942172
	128176714
	128183631
	128224725
	128232022
	128237711
	128246595
	128256906
	128270466
	128299769
	128305358
	128309186
	128312520
	128322897
	128348990
	128350264
	128364072
	128368344
	128397492
	128607887
	128919795
	128968518
	128992112
	128993440
	129204671
	129224784
	129231890
	129260571
	129303800
	129347449
	129354988
	129362453
	129423497
	129436670
	129444503
	129570581
	129591546
	129616243
	129628606
	129637678
	129698027
	129737126
	129796084
	129800600
	129811491
	129820817
	129824277
	129837024
	129838201
	129889663
	129889787
	129917459
	129935305
	129945114
	129985347
	130025661
	130041873
	130119438
	130158275
	130305255
	130325381
	130410312
	130528261
	130546724
	130584294
	130591182
	130604413
	130798186
	130837726
	130889204
	131000261
	131011165
	131015293
	131020711
	131167862
	131469509
	131537700
	131658417
	131663672
	131723613
	131852185
	132010835
	132013894
	132059048
	132197268
	132198113
	132210875
	132275793
	132280501
	132291848
	132299102
	132316480
	132318326
	132337924
	132351417
	132352230
	132356079
	132362637
	132371648
	132380142
	132383444
	132385867
	132402618
	132429144
	132449075
	132458361
	132459769
	132468909
	132486110
	132516049
	132839557
	132919924
	132951534
	133072815
	133202540
	133386113
	133400186
	133401828
	133401858
	133405673
	133408744
	133576229
	133654490
	133937062
	134031344
	134037226
	134064098
	134153097
	134288904
	134318537
	134369029
	134369578
	134426589
	134780301
	134785317
	134801275
	134802896
	134811734
	134819486
	134847023
	134866006
	134867949
	134882368
	134882824
	135007640
	135067544
	135375723
	135390039
	135394724
	135397711
	135574978
	135593478
	135621123
	135664507
	135728573
	135775359
	135842621
	135863593
	135864021
	135876716
	135894288
	135969205
	135983031
	136047024
	136048922
	136059032
	136084050
	136124498
	136141071
	136165471
	136252833
	136255439
	136259831
	136263487
	136277739
	136289210
	136316260
	136330138
	136336239
	136348205
	136350174
	136357217
	136377383
	136437125
	136438166
	136485776
	136488636
	136579473
	136583900
	136585295
	136598097
	136610100
	136612376
	136613054
	136616302
	136626955
	136709353
	136757039
	136993786
	137003700
	137023226
	137072219
	137114572
	137132001
	137157114
	137168476
	137168878
	137176483
	137184154
	137261416
	137303555
	137303856
	137318228
	137338889
	137348181
	137348684
	137353372
	137372180
	137373115
	137389704
	137402317
	137417851
	137423679
	137427890
	137436720
	137464151
	137491116
	137493607
	137525351
	137629739
	137694795
	137791712
	137886107
	137887440
	137904031
	137904972
	137958112
	137968515
	138085851
	138113152
	138116463
	138117087
	138117676
	138121240
	138122414
	138133489
	138134657
	138135520
	138145356
	138157900
	138162488
	138165754
	138193732
	138247547
	138273647
	138369098
	138415511
	138416029
	138422551
	138424088
	138426710
	138453476
	138628008
	138667073
	138668450
	138701840
	138714093
	138715050
	138715867
	138719982
	138721466
	138750224
	138889363
	139030212
	139050219
	139206415
	139391611
	139581999
	139592221
	139628060
	139680962
	139692182
	139725790
	139797611
	139838075
	139838289
	139996909
	140067491
	140344401
	140346139
	140363645
	140384493
	140395648
	140408620
	140410907
	140412440
	140431450
	140443508
	140446277
	140447829
	140478243
	140518209
	140519062
	140528160
	140686530
	140775942
	140804676
	140806416
	140921132
	140955687
	141154242
	141263157
	141301260
	141320960
	141321624
	141476861
	141536797
	141555982
	141584140
	141625872
	141632623
	141652857
	141674187
	141744101
	141749154
	141765119
	141765409
	141797151
	141828210
	141839032
	141842802
	141848749
	141865119
	141884095
	141891131
	141907531
	141908713
	141939260
	142018405
	142020016
	142026449
	142031430
	142033049
	142037928
	142041023
	142047517
	142048989
	142049289
	142052153
	142053497
	142055906
	142066625
	142082166
	142105289
	142120798
	142136799
	142136877
	142167633
	142261118
	142482805
	142516011
	142517827
	142523382
	142529954
	142536823
	142537002
	142552142
	142555771
	142565964
	142567035
	142599848
	142634879
	142636138
	143096166
	143098157
	143116067
	143269129
	143281077
	143300048
	143316004
	143341928
	143351583
	143368776
	143440695
	143484364
	143639422
	143669809
	143702206
	143754255
	143811638
	143836734
	143840903
	143841658
	143845638
	143871141
	143990069
	144005485
	144041339
	144180660
	144187166
	144190318
	144215465
	144262842
	144319330
	144404720
	144543883
	144558385
	144694074
	144695683
	144716198
	144782665
	144816645
	144829487
	144882169
	145157800
	145188432
	145222501
	145235216
	145337252
	145396958
	145399297
	145479203
	145603542
	145671908
	145780240
	145784515
	145789445
	146095719
	146194428
	146214515
	146219349
	146257060
	146318541
	146425152
	146508498
	146518959
	146603609
	146626469
	146674109
	146706544
	146728976
	146749874
	146835093
	146910879
	146918119
	146930751
	147154958
	147168584
	147269186
	147271013
	147273753
	147314449
	147322868
	147329781
	147341589
	147343430
	147390101
	147398995
	147399015
	147439889
	147449180
	147572714
	147612815
	147629917
	147897244
	148027333
	148284139
	148308371
	148505874
	148521052
	148592050
	148631006
	149061923
	149178859
	149186620
	149230838
	149241914
	149261516
	149265327
	149400317
	149424588
	149475392
	149479711
	149516384
	149528750
	149583571
	149589131
	149614831
	149617721
	149623301
	149625635
	149637259
	149638740
	149641651
	149645808
	149659601
	149681242
	149703388
	149812016
	149818979
	149976208
	150011797
	150049116
	150053351
	150063993
	150321662
	150321766
	150389819
	150418051
	150476672
	150504609
	150511875
	150582375
	150697345
	150888357
	150921958
	150979036
	150990230
	151001317
	151002676
	151003871
	151004192
	151004726
	151052165
	151112955
	151120462
	151120572
	151142313
	151144373
	151170274
	151188344
	151190216
	151207822
	151208399
	151250939
	151263229
	151266208
	151460451
	151467573
	151496290
	151527358
	151534758
	151555717
	151576471
	151623571
	151625465
	151631707
	151635100
	151641122
	151648260
	151674690
	151683751
	151798588
	151798692
	151844841
	151858469
	152021448
	152151530
	152198482
	152205022
	152392112
	152538878
	152568718
	152576369
	152600490
	152606829
	152619948
	152673270
	152700791
	152713848
	152749944
	153132950
	153144207
	153168443
	153313469
	153322039
	153641656
	153650756
	154471643
	154472970
	154473962
	154474396
	154488109
	154706531
	154749645
	154753623
	155120435
	155135097
	155225713
	155262142
	155303511
	155310143
	155313712
	155344758
	155374091
	155405362
	155546759
	155554028
	155554449
	155560505
	155627549
	155658897
	155684535
	155685064
	155720699
	155784138
	155787194
	155798167
	155816129
	155829878
	155949664
	155969294
	155970080
	155984946
	156316163
	156340679
	156363664
	156372375
	156375696
	156414367
	156415405
	156419993
	156425511
	156442234
	156460080
	156497588
	156504636
	156512867
	156519714
	156520250
	156526682
	156532117
	156544278
	156546245
	156554813
	156557533
	156568570
	156586599
	156608223
	156609620
	156758257
	156767518
	156805247
	156819876
	156866590
	156937679
	156968008
	156968221
	156969389
	156976352
	156995962
	157003722
	157022174
	157039181
	157083941
	157089891
	157098162
	157098432
	157099707
	157101374
	157102675
	157111912
	157169405
	157170774
	157186240
	157189899
	157192474
	157205985
	157215667
	157309380
	157357524
	157460010
	157822060
	157962422
	157975068
	158052077
	158106512
	158131809
	158141577
	158205265
	158492996
	158521223
	158525533
	158529532
	158535458
	158536569
	158538725
	158539396
	158540357
	158551284
	158560746
	158577743
	158587585
	158694222
	158694553
	158712737
	158733678
	158811280
	158858784
	158869135
	158872241
	158882987
	158891648
	158893550
	158899085
	158931000
	158932073
	159172332
	159187354
	159232903
	159240314
	159371096
	159429275
	159497184
	159562896
	159640151
	159656331
	159744307
	159802911
	159808430
	159902742
	159906704
	160167240
	160186318
	160208112
	160618175
	160736439
	160973527
	160978224
	161128857
	161188852
	161410885
	161506108
	161511554
	161517005
	161519463
	161596133
	161666244
	161743506
	161758057
	161760327
	161763560
	161767172
	161799000
	161820082
	161849754
	161849789
	161895766
	161966890
	161970846
	161971387
	161972641
	161977782
	162010299
	162012608
	162019425
	162032563
	162034569
	162107585
	162141745
	162179281
	162225922
	162503420
	162512743
	162562153
	162711503
	162766071
	162789993
	162815290
	162943828
	162966291
	163075451
	163075526
	163078649
	163092387
	163096038
	163106785
	163256620
	163326080
	163506627
	163527633
	163749483
	163771275
	163779350
	163851700
	163925991
	163926466
	163929178
	163967042
	164013763
	164038757
	164040199
	164072667
	164073760
	164076358
	164086042
	164090899
	164091407
	164091725
	164258947
	164296583
	164303169
	164310668
	164315551
	164331419
	164403455
	164533832
	164551861
	164567429
	164581572
	164601041
	164618559
	164650184
	164660757
	164662647
	164665834
	164695291
	164718291
	164723537
	164745036
	164747916
	164759696
	164771407
	164853841
	164867720
	164880809
	164887276
	164891240
	164891362
	164903827
	164914643
	164945484
	164956571
	164956945
	164963961
	164983594
	164986471
	165023020
	165023956
	165038691
	165040870
	165062322
	165072237
	165112234
	165122024
	165141910
	165160982
	165192741
	165192852
	165200322
	165202190
	165203123
	165206383
	165208924
	165212087
	165212447
	165214676
	165226610
	165227007
	165242345
	165503735
	165618284
	165672571
	165682365
	165696114
	165702547
	165709842
	165710459
	165734497
	165790105
	165796518
	165816668
	165817826
	165819510
	165826407
	165836357
	165890942
	165913869
	165918209
	165930284
	165933320
	165936719
	165944034
	165952789
	165956127
	165960729
	165962714
	165964215
	165971279
	165971297
	165971610
	165984465
	166014454
	166019950
	166021249
	166023154
	166051926
	166055832
	166059519
	166060907
	166061503
	166069741
	166087181
	166134267
	166136553
	166196779
	166199644
	166240707
	166259225
	166262344
	166269568
	166390594
	166650767
	166757410
	166829599
	166846827
	166880031
	166883506
	166944076
	166944734
	166958920
	166985061
	167001788
	167006515
	167009581
	167021761
	167029683
	167041047
	167043030
	167043188
	167046595
	167050813
	167050947
	167067057
	167086897
	167088810
	167133431
	167137622
	167180024
	167181074
	167184489
	167197443
	167197704
	167200218
	167201416
	167210474
	167213269
	167218646
	167222894
	167261329
	167270060
	167291737
	167294772
	167294792
	167303700
	167317516
	167339432
	167360684
	167409077
	167411642
	167443782
	167451440
	167455310
	167477081
	167507732
	167543284
	167551897
	167624996
	167644687
	167693470
	167737533
	167751641
	167755802
	167762642
	167764026
	167764028
	167764150
	167776187
	167779196
	167787253
	167792961
	167818987
	167834039
	167836441
	167861616
	167887700
	167913198
	167917520
	167923416
	167928032
	167933363
	167937716
	167943336
	167982125
	168052902
	168081943
	168093835
	168098750
	168108771
	168158960
	168159097
	168162009
	168196641
	168218109
	168230423
	168242724
	168247568
	168351032
	168352054
	168354150
	168390425
	168395085
	168416209
	168432434
	168432503
	168444799
	168456743
	168458572
	168461261
	168461607
	168469903
	168473539
	168474756
	168475301
	168475658
	168493390
	168494937
	168495688
	168506346
	168527795
	168529790
	168834464
	168847087
	169337529
	169372536
	169407311
	169407449
	169445181
	169470804
	169479891
	169496484
	169503963
	169504281
	169504670
	169505560
	169582931
	169588328
	169620027
	169641322
	169650177
	169652368
	169653257
	169655402
	169664071
	169674727
	169679560
	169692659
	169751084
	169783947
	169789772
	169790819
	169811758
	169818041
	169818718
	169819560
	169830545
	169834936
	169836671
	169869123
	169895381
	170032000
	170045424
	170059392
	170076177
	170169050
	170177304
	170177692
	170199316
	170209929
	170211073
	170214544
	170236694
	170258592
	170274212
	170277066
	170285778
	170328646
	170333480
	170337477
	170339911
	170343434
	170365830
	170404867
	170458341
	170477413
	170477732
	170504714
	170515076
	170525017
	170566211
	170572953
	170576195
	170593095
	170604433
	170634618
	170641693
	170831368
	170835254
	171010195
	171018564
	171021051
	171255478
	171259557
	171271697
	171325356
	171327973
	171454719
	171750247
	171911462
	171971422
	172160141
	172228860
	172231483
	172348767
	172535398
	172698830
	172704890
	172791134
	172792869
	172794686
	172797560
	173206037
	173222296
	173365002
	173483820
	173510785
	173535085
	173547121
	173555374
	173558341
	173563620
	174377758
	174403668
	174420884
	174697807
	174993271
	175356974
	175358774
	175359716
	175359901
	175365860
	175383506
	175388718
	175392222
	175444615
	175671521
	175692263
	175709101
	175710558
	175713751
	175721684
	175722420
	175729154
	175729888
	175733140
	175737544
	175748525
	175785306
	175786181
	176077174
	176094977
	176611207
	176622162
	176983279
	176986303
	176998429
	177045694
	177053951
	177068498
	177162108
	177178488
	177178749
	177183291
	177185854
	177190228
	177195882
	177270674
	177272315
	177366372
	177370853
	177373452
	177389032
	177407302
	177416311
	177416803
	177430452
	177545592
	177750106
	177753527
	177757899
	177766657
	177769818
	177769853
	177788348
	177806136
	177816134
	177832704
	178024309
	178103036
	178167131
	178185517
	178194347
	178197722
	178205833
	178218566
	178259812
	178305169
	178373109
	178377523
	178570191
	178572047
	178579973
	178655305
	178660697
	178669268
	178669581
	178701087
	178711235
	178742542
	178763583
	178784571
	178863615
	178978218
	178978869
	179040855
	179051628
	179221984
	179451320
	179477090
	179494114
	179568047
	179678367
	179852431
	179875009
	180212364
	180338826
	180343416
	180369481
	180446088
	180451101
	180456633
	180505482
	180516553
	180520175
	180566576
	180815487
	180931599
	180938084
	180965121
	180965957
	180976633
	180978945
	181252991
	181257960
	181263362
	181267690
	181280482
	181298513
	181320082
	181324867
	181327823
	181333487
	181336338
	181384244
	181419878
	181421516
	181485818
	181551907
	181567084
	181576936
	181601944
	181602495
	181604741
	181626976
	181628637
	181634613
	181648934
	181652243
	181680803
	181682001
	181692217
	181697836
	181699696
	181701214
	181716261
	181716554
	181779440
	181831149
	181865151
	181885848
	181909213
	182243838
	182338533
	182360648
	182369924
	182409341
	182429294
	182470632
	182476217
	182487529
	182584771
	182661042
	182684897
	182708350
	183152178
	183192431
	183227154
	183236224
	183274168
	183431091
	183560411
	183628434
	183688872
	183711773
	184027122
	184046654
	184114524
	184122568
	184200105
	184256501
	184265409
	184443976
	184468962
	184746470
	184763110
	184767591
	184906791
	185145662
	185168158
	185212653
	185238293
	185241745
	185244883
	185321269
	185463756
	185552624
	185623853
	185764240
	185776980
	185991085
	186054462
	186093130
	186094822
	186136538
	186136845
	186150574
	186399637
	186467116
	186531720
	186553695
	186622678
	186711593
	186715973
	186716849
	186801962
	186847826
	186851618
	186852495
	186977699
	187069309
	187327408
	187340579
	187340581
	187389715
	187401651
	187498749
	187583949
	187646132
	187659988
	187820081
	187839351
	187871666
	188020337
	188032402
	188093539
	188096605
	188098844
	188100080
	188122313
	188122728
	188163598
	188168369
	188172870
	188317047
	188471020
	188485859
	188496945
	188916794
	188924647
	188928485
	188943471
	188948216
	188955209
	188958480
	188965832
	188972882
	188982784
	189033767
	189046819
	189049163
	189063255
	189073325
	189128862
	189132810
	189142606
	189241206
	189243236
	189273638
	189285266
	189286913
	189293934
	189328535
	189341950
	189346896
	189400855
	189416016
	189426355
	189439721
	189444060
	189461445
	189462816
	189468212
	189470383
	189478455
	189482612
	189527419
	189545638
	189573701
	189695908
	189706222
	189781071
	189816660
	190047260
	190097566
	190205958
	190253091
	190254179
	190267507
	190290984
	190293133
	190378052
	190498620
	190604903
	190677407
	191297957
	191439092
	191525642
	191644424
	191795125
	191802549
	191867845
	191881306
	191905302
	191953002
	192061019
	192071648
	192080753
	192105446
	192123301
	192317345
	192360700
	192361739
	192364182
	192383239
	192406302
	192412938
	192421889
	192424840
	192563004
	192588588
	192590172
	192678139
	192764915
	192768492
	192768798
	192781513
	192788939
	192796268
	192810138
	192827192
	193134278
	193149334
	193377784
	193391713
	193400074
	193401441
	193401496
	193459091
	193508524
	193842448
	193846244
	193849694
	193868483
	194019876
	194090976
	194132031
	194557801
	194648971
	194651924
	194678411
	195229818
	195542127
	195589423
	195604152
	195610507
	195620130
	195649304
	195651294
	195672487
	195705974
	195764075
	195767391
	195886053
	196061581
	196272458
	196273098
	196315827
	196416642
	196435746
	196498282
	196509938
	196511790
	196531748
	196536795
	196565770
	196565792
	196568053
	196613169
	196615467
	196639205
	196662670
	196699781
	196944128
	196953125
	196966994
	197134872
	197146990
	197163844
	197165159
	197181982
	197183297
	197200138
	197200475
	197236591
	197268964
	197313915
	197345855
	197667453
	197669843
	197726209
	197793967
	197856115
	197878554
	198122251
	198130559
	198140565
	198142470
	198156631
	198166065
	198168655
	198223750
	198275788
	198309665
	198471580
	198683889
	198819637
	198823582
	198849907
	198864760
	198871199
	198892803
	198900154
	198907973
	198929823
	198935000
	198951836
	198978618
	199120097
	199233127
	199318794
	199327651
	199354079
	199363658
	199393234
	199412198
	199432348
	199441616
	199448235
	199453174
	199477699
	199497774
	199525515
	199595059
	199617322
	199619703
	199693341
	199764582
	199778567
	199798223
	199871827
	199878146
	199890508
	199904172
	199911776
	199913657
	199918137
	199921099
	199945291
	200146914
	200170494
	200218194
	200311508
	200317146
	200354580
	200358024
	200385819
	200416421
	200443693
	200452542
	200452797
	200465156
	200531815
	200532366
	200533181
	200533676
	200541298
	200542781
	200543026
	200550491
	200554668
	200562656
	200581154
	200584352
	200944619
	200959858
	200985716
	200986061
	201036980
	201173039
	201179316
	201207906
	201365012
	201392152
	201476465
	201632514
	201978984
	202008419
	202048802
	202066255
	202073198
	202258303
	202311213
	202366478
	202377095
	202496519
	202661103
	202747532
	202785312
	202791121
	202792174
	202956085
	202985201
	203013404
	203020418
	203138118
	203188941
	203389794
	203416380
	203613112
	203694372
	203697599
	203871662
	203885484
	204045126
	204046747
	204053492
	204211073
	204257225
	204357436
	204481249
	204642870
	204659655
	204680075
	204912840
	204920385
	204973370
	205000847
	205023064
	205097215
	205119652
	205486383
	205652206
	205798032
	206339172
	206576699
	206761378
	206803959
	206811647
	206816969
	207052806
	207160156
	207192491
	207194207
	207252768
	207547319
	207549840
	207550960
	207555169
	207557306
	207562800
	207566009
	207566229
	207569972
	207619209
	207620081
	207627789
	207743740
	207874140
	207959518
	207960669
	207969572
	208330140
	208404726
	208578265
	208652807
	208664763
	208721070
	208886559
	208964628
	208976672
	209115760
	209134328
	209134636
	209136406
	209139070
	209303308
	209490350
	209518423
	209628664
	209699534
	209721084
	209725016
	209962984
	209972820
	209975221
	209984978
	210014138
	210017576
	210084544
	210235205
	210255010
	210310493
	210310523
	210323666
	210409935
	210413169
	210478524
	210510730
	210510940
	210526037
	210556165
	210642071
	210740909
	210749574
	210757815
	210773365
	210952860
	211133030
	211139880
	211254691
	211272681
	211501557
	211503806
	211534745
	211630795
	211737368
	211754954
	211905357
	211924351
	211951131
	211957341
	212089596
	212134941
	212213500
	212229915
	212243055
	212267138
	212277639
	212353693
	212404868
	212420971
	212502522
	212604161
	212620484
	212643493
	212651939
	212769674
	212862458
	213045822
	213199731
	213394070
	213505655
	213543170
	213606694
	213635823
	213743082
	213771614
	213790204
	213790863
	213802832
	213814170
	213818763
	213841984
	214029732
	214151675
	214210082
	214223990
	214263077
	214281042
	214313923
	214352992
	214363149
	214425987
	214431185
	214576991
	214580952
	214613474
	214615886
	214681658
	214700958
	214706736
	214736574
	214748292
	214787972
	214792912
	214859050
	214862615
	214864913
	214885428
	214891261
	214891388
	214929176
	214967923
	214974956
	214976667
	214981428
	215010668
	215033670
	215091261
	215126209
	215173450
	215179969
	215192405
	215204039
	215228630
	215388838
	215427177
	215451939
	215492611
	215532633
	215582735
	215582779
	215592223
	215602276
	215625155
	215922381
	215933190
	215937531
	215988168
	215996138
	216001694
	216015854
	216025548
	216098649
	216301188
	216327935
	216341622
	216393828
	216428575
	216431094
	216437172
	216439699
	216439734
	216474875
	216535048
	216536378
	216640187
	216679195
	216696332
	216736889
	216748128
	216855258
	216861543
	216861788
	216864684
	216881719
	217000743
	217030624
	217032032
	217041591
	217046975
	217060788
	217073953
	217075557
	217078998
	217081556
	217082468
	217083257
	217095665
	217111393
	217125198
	217128892
	217128990
	217134117
	217172133
	217175753
	217182080
	217187167
	217187190
	217190687
	217191205
	217197274
	217207825
	217211877
	217242161
	217247245
	217477044
	217502606
	217508029
	217545069
	217550804
	217554078
	217557444
	217559808
	217571970
	217592532
	217617581
	217638880
	217639118
	217649151
	217678046
	217881151
	217884000
	217892812
	217925707
	218331258
	218349355
	218382193
	218522507
	218523220
	218653295
	218656311
	218853904
	218914251
	218935091
	218946558
	218946858
	218955035
	219018035
	219035821
	219126039
	219128004
	219221238
	219258278
	219273342
	219273612
	219275396
	219291522
	219292561
	219292750
	219293709
	219297093
	219320934
	219326138
	219327125
	219334013
	219384972
	219438728
	219469910
	219471002
	219477267
	219496037
	219519417
	219683563
	219686630
	219720712
	219721525
	219721660
	219723438
	219761420
	219769560
	219773033
	219843680
	219866391
	219871384
	219893035
	219914092
	219977916
	220004686
	220016662
	220183189
	220207592
	220366749
	220419856
	220444098
	220546304
	220638628
	220668470
	220691600
	220720812
	220726559
	220740262
	220747206
	220753195
	220834696
	220859681
	220925108
	220930324
	220947813
	220958322
	220961190
	220965284
	220995579
	220998876
	221044460
	221046390
	221058842
	221076778
	221086291
	221087309
	221135800
	221402400
	221405556
	221408865
	221411691
	221428751
	221596398
	221623313
	221679874
	221835985
	222143076
	222143078
	222232028
	222367194
	222486155
	222522669
	222593641
	222597437
	222862061
	223041387
	223149511
	223286267
	223300719
	223301256
	223401840
	223546462
	223601659
	223857887
	224032663
	224076709
	224076982
	224344194
	224650592
	224688650
	224865962
	224960083
	225288423
	225593008
	225756414
	225756897
	225771947
	225790840
	225862179
	225933677
	226056182
	226239469
	226275374
	226281491
	226288070
	226298179
	226299056
	226412201
	226448490
	226453898
	226476281
	226476318
	226476782
	226523754
	226553683
	226619890
	226739747
	226741375
	226837389
	226843229
	226994851
	226997672
	227001960
	227006584
	227006856
	227011621
	227041246
	227250839
	227266454
	227281191
	227478770
	227570501
	227609176
	227615322
	227637323
	227641059
	227658190
	227717901
	227873379
	228163910
	228197656
	228245861
	228358695
	228589993
	228648974
	228654666
	228747194
	228785484
	228980977
	229004067
	229198763
	229222579
	229287476
	229401482
	229402877
	229438877
	229440620
	229464874
	229467632
	229473498
	229475614
	229520290
	229565061
	229599589
	229602766
	229764983
	229765708
	229771589
	229773090
	229783641
	229786465
	229830366
	229865885
	229892788
	229938181
	229971939
	229973023
	229992591
	229992989
	230030208
	230033015
	230063823
	230073830
	230099080
	230100740
	230104893
	230112029
	230123786
	230128614
	230145367
	230181179
	230185463
	230191107
	230197961
	230209477
	230221499
	230232104
	230258087
	230264777
	230267325
	230269824
	230275925
	230323391
	230329641
	230348824
	230377341
	230385742
	230398879
	230399195
	230401429
	230487371
	230506209
	230511770
	230519748
	230534843
	230603766
	230617057
	230620601
	230623301
	230678368
	230689510
	230711576
	230735697
	230745401
	230795678
	230797434
	230850729
	230900290
	230918768
	230937712
	230962643
	230966457
	230968681
	230970469
	230970500
	230975470
	230983112
	230993399
	230993492
	230999851
	231078200
	231083335
	231091169
	231123921
	231132205
	231144818
	231635828
	231841368
	231843845
	232101190
	232149523
	232152997
	232158931
	232185887
	232208990
	232216108
	232240287
	232240584
	232246784
	232246826
	232250988
	232253296
	232317038
	232341675
	232346897
	232360049
	232362854
	232475928
	232551250
	232559565
	232692547
	232732977
	232861033
	233006744
	233007845
	233021846
	233032478
	233272578
	233273023
	233273768
	233293583
	233295098
	233297835
	233327843
	233457134
	233956954
	233973920
	234084409
	234203475
	234266546
	234278293
	234286171
	234294974
	234298468
	234309544
	234317750
	234323987
	234351747
	234646860
	234656954
	234695156
	234775929
	234784049
	234792423
	234795394
	234819409
	234940231
	235070196
	235179917
	235188671
	235195512
	235196954
	235208625
	235216024
	235216475
	235217739
	235225920
	235226854
	235231188
	235231256
	235247568
	235282075
	235290426
	235616439
	235723312
	235732122
	235776115
	235777150
	235813140
	235826009
	235840684
	235961967
	235973334
	235996773
	236045416
	236088721
	236098667
	236101583
	236113198
	236114851
	236155517
	236188386
	236197583
	236209361
	236299154
	236393928
	236616240
	236640114
	236646273
	236677329
	236683450
	236701237
	236715596
	236890183
	237042875
	237121877
	237143695
	237258356
	237264112
	237310971
	237322171
	237358038
	237470954
	237524160
	237601740
	237609911
	237610030
	237621636
	237670276
	237697717
	237939695
	237985149
	238014619
	238019532
	238020591
	238039036
	238153587
	238163265
	238201629
	238217582
	238225977
	238288619
	238430451
	238489560
	238664409
	238716607
	238728846
	238806633
	239041387
	239053164
	239059201
	239061932
	239075223
	239143483
	239183316
	239349244
	239354536
	239363192
	239418442
	239865691
	239931262
	239955873
	239963480
	239984940
	239993358
	240093779
	240100440
	240142187
	240342217
	240351179
	240373681
	240391163
	240405045
	240408159
	240439308
	240455862
	240470774
	240497249
	240501124
	240514944
	240517141
	240520318
	240524861
	240559568
	240604016
	240614432
	240629262
	240644476
	240656237
	240656760
	240659564
	240668267
	240670503
	240774524
	240825851
	240839377
	240848705
	240863335
	240867464
	240881569
	240889250
	240946432
	241198600
	241235618
	241247232
	241258290
	241267130
	241277497
	241311861
	241327701
	241673312
	241692085
	241692711
	241705299
	241712658
	241776754
	241994240
	242013841
	242284540
	242357678
	242485697
	242544602
	242622457
	242627818
	242638341
	242641352
	242741966
	242776341
	242846087
	243013837
	243042728
	243058845
	243161742
	243168198
	243211625
	243414885
	243427566
	243464803
	243469032
	243532171
	243537932
	243613296
	243618166
	243680363
	243784760
	243811681
	243812966
	243821641
	243828437
	243837941
	243840353
	243843287
	243843801
	243843822
	243848008
	243859485
	243867892
	243869199
	244484473
	244490687
	244554222
	244581659
	244594116
	244744734
	244759287
	244816085
	244818598
	244826668
	244847560
	244854327
	244854374
	244880751
	244917921
	244921481
	244922339
	244924544
	244924620
	244928793
	244929730
	244933701
	244939931
	244991741
	245079518
	245183446
	245208673
	245266747
	245266749
	245283408
	245354710
	245425258
	245507486
	245719701
	246043698
	246205540
	246217755
	246242335
	246282236
	246305022
	246305024
	246306056
	246314167
	246325209
	246338822
	246339499
	246384950
	246394686
	246398530
	246502094
	246516330
	246530424
	246542347
	246562122
	246594579
	246595848
	246604615
	246611369
	246612679
	246617447
	246627417
	246646376
	246668651
	246682837
	246719507
	246726585
	246761811
	246788455
	246794849
	246796022
	246796093
	246827784
	246829764
	246832045
	246847694
	246918022
	246958798
	246962204
	246980744
	246982597
	247092079
	247130823
	247130930
	247135660
	247144977
	247147032
	247200464
	247223839
	247229151
	247432431
	247547250
	247592429
	247725425
	247735038
	248005505
	248244623
	248271753
	248298780
	248379510
	248379757
	248387959
	248537013
	248538840
	248553006
	248571828
	248854417
	248940939
	249061603
	249128892
	249166076
	249167356
	249177623
	249223233
	249255314
	249416634
	249431976
	249432808
	249517556
	249711071
	249787344
	249831238
	249836696
	249841793
	249843535
	249845729
	249848537
	249848627
	249849347
	249850350
	249856663
	249866236
	249869259
	249888442
	249890648
	249906979
	249922341
	249966042
	249984611
	250004603
	250019308
	250020698
	250022075
	250044699
	250052350
	250121067
	250267727
	250271490
	250328287
	250373165
	250392738
	250392848
	250411900
	250413420
	250415784
	250456360
	250476079
	250620009
	250639870
	250652058
	250654858
	250659519
	250766101
	250770357
	250774418
	250797311
	250807618
	250844091
	250846725
	250853498
	250856348
	250866563
	250873272
	250876064
	250881721
	250887314
	250893484
	250894151
	250896841
	250902845
	250911556
	250918922
	250921828
	250941876
	251023039
	251104541
	251108166
	251147310
	251419862
	251493690
	251502889
	251513725
	251529315
	251696013
	251713966
	251724628
	251737242
	251907161
	251928895
	251990261
	252041251
	252105928
	252136887
	252268520
	252326676
	252409452
	252483886
	252485640
	252513178
	252566307
	253002994
	253030088
	253035802
	253039012
	253066541
	253446777
	253492764
	253542158
	253547748
	253549528
	253560604
	253561663
	253565745
	253570809
	253573145
	253643783
	253702842
	253738418
	253976095
	253986198
	254052695
	254281591
	254285623
	254293907
	254294779
	254315083
	254334078
	254340020
	254346764
	254347935
	254421258
	254514524
	254515864
	254617917
	255643836
	255675064
	255743383
	255751356
	255766800
	255772185
	255777018
	255788862
	255908383
	255908476
	255909541
	255912503
	256163351
	256574642
	256745111
	256800747
	256817793
	256826537
	257006679
	257026386
	257178534
	257194680
	257197600
	257238183
	257238233
	257264307
	257305535
	257582277
	257585860
	257592355
	257603183
	257613061
	257703979
	257725608
	257784155
	257924992
	258491554
	258827986
	258967952
	258976597
	258978106
	259054114
	259074886
	259165183
	259232105
	259237309
	259246134
	259264622
	259273571
	259286403
	259304839
	259377296
	259378169
	259399720
	259415356
	259454584
	259477968
	259542774
	259607741
	259658384
	259819796
	259832920
	260179719
	260481335
	260713307
	260770921
	260801324
	260846953
	260892362
	260910313
	260911006
	260987442
	261078080
	261112570
	261120695
	261127294
	261128698
	261211407
	261265242
	261300253
	261576290
	261824050
	261832120
	261854358
	261877834
	261879327
	261887371
	261888230
	261954885
	261992148
	262069361
	262076206
	262080977
	262082407
	262094554
	262096604
	262098543
	262102401
	262151631
	262179369
	262330999
	262333110
	262335182
	262352407
	262355535
	262387387
	262439257
	262497237
	262545747
	262616662
	262621017
	262673721
	263000639
	263063165
	263133797
	263269905
	263592868
	263833409
	264133662
	264260170
	264260557
	264407156
	264416367
	264441315
	264487611
	264790581
	264790583
	264808915
	264829640
	264846416
	264857038
	264882691
	264954565
	264968758
	265102021
	265426047
	265426069
	265426091
	265738690
	265764686
	265766872
	265769068
	265773340
	265985002
	266009989
	266200801
	266418191
	266438008
	266439177
	266497483
	266516536
	266533161
	266559634
	266563633
	266580530
	266591225
	266591785
	266595398
	266603245
	266632147
	266641325
	266657257
	266841325
	266878967
	266924158
	266950382
	266970512
	267039471
	267039759
	267041565
	267043917
	267177236
	267225275
	267227545
	267228504
	267237724
	267243591
	267251466
	267284123
	267295052
	267401478
	267551258
	267559733
	267564352
	267570515
	267574652
	267575544
	267578761
	267597224
	267899941
	267923400
	268155813
	268260412
	268357855
	268358097
	268359645
	268383191
	268391395
	268399588
	268594746
	270060187
	272021344
	272293853
	276555469
	276567069
	276594214
	276596084
	276638172
	276639808
	276699872
	276880832
	276908652
	277112851
