Found the following matches:
	937819
	2333406
	3145484
	4436908
	6650052
	6969045
	7122157
	8034244
	8656734
	10490335
	14338075
	14740329
	15467080
	18069580
	18692866
	18873066
	20979267
	21313605
	21861843
	22193020
	22358046
	22375912
	24746727
	25183164
	26371283
	26557536
	27860731
	28193664
	30550598
	32067087
	33684390
	34830063
	35751582
	35777016
	36749499
	36984042
	38798249
	40705946
	41668851
	43184923
	44115563
	44912169
	46327747
	46591361
	48511990
	48539124
	49226938
	50093262
	50352186
	51629053
	52201710
	56502860
	57647015
	58495967
	58866604
	59048739
	62446892
	63453479
	65103470
	65520338
	66525692
	66942579
	67725636
	67939056
	68706970
	70058299
	71989400
	72007176
	73015056
	73166313
	74084781
	74084785
	74624764
	75156413
	75451372
	75461307
	78885978
	80273963
	81519313
	82448282
	87299560
	88680147
	88694750
	89191323
	89459200
	90351831
	92216863
	92419013
	92908518
	93470643
	93888452
	94418625
	95493637
	96954666
	98341931
	98620425
	98623171
	98626829
	99981100
	100999568
	101126262
	101241150
	101558653
	103949696
	103956179
	104267783
	104443451
	104933144
	106092830
	106104313
	107022978
	108479560
	108992302
	109231639
	110954800
	112473458
	113924128
	114776391
	114779250
	114821759
	115506334
	115586405
	119701970
	125421701
	125462845
	125767261
	126423358
	126505157
	129724096
	130331308
	131028886
	133491294
	134031508
	134711616
	136476561
	136477247
	136680534
	136779837
	137255844
	138697725
	138844262
	138850623
	139438365
	139661224
	139822756
	140252015
	141533611
	145944100
	146900589
	147457154
	147544763
	148226570
	149257906
	150550137
	155372884
	157100107
	157716816
	157955373
	158843976
	158874004
	163222926
	164367215
	164659916
	165621945
	166134148
	167210175
	167455471
	168161868
	168361431
	168424411
	169759967
	170334093
	170454220
	170461192
	170976978
	171914328
	172813381
	174542479
	175930548
	176277196
	176513178
	176986240
	177363661
	177755328
	180016696
	181564048
	183419101
	183450047
	184473496
	184570262
	184575227
	186348549
	188606702
	188967734
	189429896
	191558032
	191774937
	192512122
	194625935
	197321452
	200002466
	200033442
	200454254
	200467766
	203783369
	205106418
	205252697
	205722870
	208739702
	211985349
	213278538
	213327396
	214430175
	216303238
	217535755
	219525329
	221027103
	221407180
	221613430
	226036037
	228680167
	228950302
	229439052
	229842751
	229885201
	230809538
	231483046
	231789396
	233344635
	235799850
	236272901
	236272903
	236335114
	238993564
	240878542
	244467327
	246316444
	246991653
	247868553
	250334712
	250533637
	250702586
	253312679
	253313415
	254250408
	257078368
	261110470
	261874180
	262103570
	262171100
	262836964
	262854805
	263619553
	264226183
	264798252
	264968458
	265247855
	267736564
